(kicad_pcb (version 20171130) (host pcbnew 5.1.12-84ad8e8a86~92~ubuntu20.04.1)

  (general
    (thickness 1.6)
    (drawings 24)
    (tracks 377)
    (zones 0)
    (modules 52)
    (nets 70)
  )

  (page A4)
  (layers
    (0 F.Cu signal)
    (1 In1.Cu power hide)
    (2 In2.Cu power hide)
    (31 B.Cu signal)
    (32 B.Adhes user)
    (33 F.Adhes user)
    (34 B.Paste user)
    (35 F.Paste user)
    (36 B.SilkS user)
    (37 F.SilkS user)
    (38 B.Mask user)
    (39 F.Mask user)
    (40 Dwgs.User user)
    (41 Cmts.User user)
    (42 Eco1.User user)
    (43 Eco2.User user)
    (44 Edge.Cuts user)
    (45 Margin user)
    (46 B.CrtYd user)
    (47 F.CrtYd user)
    (48 B.Fab user)
    (49 F.Fab user)
  )

  (setup
    (last_trace_width 0.1524)
    (trace_clearance 0.1778)
    (zone_clearance 0.254)
    (zone_45_only no)
    (trace_min 0.127)
    (via_size 0.762)
    (via_drill 0.381)
    (via_min_size 0.4)
    (via_min_drill 0.3)
    (uvia_size 0.3)
    (uvia_drill 0.1)
    (uvias_allowed no)
    (uvia_min_size 0.2)
    (uvia_min_drill 0.1)
    (edge_width 0.05)
    (segment_width 0.2)
    (pcb_text_width 0.3)
    (pcb_text_size 1.5 1.5)
    (mod_edge_width 0.12)
    (mod_text_size 1 1)
    (mod_text_width 0.15)
    (pad_size 1.524 1.524)
    (pad_drill 0.762)
    (pad_to_mask_clearance 0)
    (aux_axis_origin 0 0)
    (visible_elements FFFFFF7F)
    (pcbplotparams
      (layerselection 0x010fc_ffffffff)
      (usegerberextensions true)
      (usegerberattributes false)
      (usegerberadvancedattributes false)
      (creategerberjobfile false)
      (excludeedgelayer true)
      (linewidth 0.100000)
      (plotframeref false)
      (viasonmask false)
      (mode 1)
      (useauxorigin false)
      (hpglpennumber 1)
      (hpglpenspeed 20)
      (hpglpendiameter 15.000000)
      (psnegative false)
      (psa4output false)
      (plotreference true)
      (plotvalue false)
      (plotinvisibletext false)
      (padsonsilk false)
      (subtractmaskfromsilk true)
      (outputformat 1)
      (mirror false)
      (drillshape 0)
      (scaleselection 1)
      (outputdirectory "gerbers/"))
  )

  (net 0 "")
  (net 1 GND)
  (net 2 +5V)
  (net 3 /DRL)
  (net 4 /IN0_ADC)
  (net 5 /IN0_FILT)
  (net 6 /IN1_ADC)
  (net 7 /IN1_FILT)
  (net 8 /IN2_ADC)
  (net 9 /IN2_FILT)
  (net 10 /IN3_FILT)
  (net 11 /IN3_ADC)
  (net 12 /IN4_FILT)
  (net 13 /IN4_ADC)
  (net 14 /IN5_ADC)
  (net 15 /IN5_FILT)
  (net 16 /IN6_FILT)
  (net 17 /IN6_ADC)
  (net 18 /IN7_ADC)
  (net 19 /IN7_FILT)
  (net 20 +3V3)
  (net 21 "Net-(C14-Pad2)")
  (net 22 /2.5V_out)
  (net 23 "Net-(J2-Pad1)")
  (net 24 "Net-(J3-Pad1)")
  (net 25 "Net-(J3-Pad2)")
  (net 26 /2.5V_ref)
  (net 27 /VCM)
  (net 28 /IN0)
  (net 29 /IN1)
  (net 30 /IN2)
  (net 31 /IN3)
  (net 32 /IN7)
  (net 33 /IN6)
  (net 34 /IN5)
  (net 35 /IN4)
  (net 36 "Net-(U4-Pad14)")
  (net 37 SYNC)
  (net 38 /CS)
  (net 39 /DRDY)
  (net 40 SCLK)
  (net 41 MISO)
  (net 42 MOSI)
  (net 43 "Net-(U4-Pad22)")
  (net 44 CLK)
  (net 45 "Net-(U4-Pad27)")
  (net 46 "Net-(J2-Pad3)")
  (net 47 "Net-(J2-Pad6)")
  (net 48 "Net-(J2-Pad7)")
  (net 49 "Net-(J2-Pad8)")
  (net 50 "Net-(J2-Pad9)")
  (net 51 "Net-(J2-Pad10)")
  (net 52 "Net-(J2-Pad14)")
  (net 53 "Net-(J2-Pad15)")
  (net 54 "Net-(J3-Pad16)")
  (net 55 "Net-(J3-Pad15)")
  (net 56 "Net-(J3-Pad14)")
  (net 57 "Net-(J3-Pad12)")
  (net 58 "Net-(J3-Pad10)")
  (net 59 "Net-(J3-Pad9)")
  (net 60 "Net-(J3-Pad8)")
  (net 61 "Net-(J3-Pad6)")
  (net 62 "Net-(J3-Pad5)")
  (net 63 "Net-(J3-Pad4)")
  (net 64 "Net-(J3-Pad3)")
  (net 65 "Net-(C4-Pad1)")
  (net 66 "Net-(R1-Pad2)")
  (net 67 "Net-(R2-Pad1)")
  (net 68 "Net-(R4-Pad1)")
  (net 69 "Net-(U3-Pad1)")

  (net_class Default "This is the default net class."
    (clearance 0.1778)
    (trace_width 0.1524)
    (via_dia 0.762)
    (via_drill 0.381)
    (uvia_dia 0.3)
    (uvia_drill 0.1)
    (add_net /2.5V_out)
    (add_net /2.5V_ref)
    (add_net /CS)
    (add_net /DRDY)
    (add_net /DRL)
    (add_net /IN0)
    (add_net /IN0_ADC)
    (add_net /IN0_FILT)
    (add_net /IN1)
    (add_net /IN1_ADC)
    (add_net /IN1_FILT)
    (add_net /IN2)
    (add_net /IN2_ADC)
    (add_net /IN2_FILT)
    (add_net /IN3)
    (add_net /IN3_ADC)
    (add_net /IN3_FILT)
    (add_net /IN4)
    (add_net /IN4_ADC)
    (add_net /IN4_FILT)
    (add_net /IN5)
    (add_net /IN5_ADC)
    (add_net /IN5_FILT)
    (add_net /IN6)
    (add_net /IN6_ADC)
    (add_net /IN6_FILT)
    (add_net /IN7)
    (add_net /IN7_ADC)
    (add_net /IN7_FILT)
    (add_net /VCM)
    (add_net CLK)
    (add_net MISO)
    (add_net MOSI)
    (add_net "Net-(C14-Pad2)")
    (add_net "Net-(C4-Pad1)")
    (add_net "Net-(J2-Pad1)")
    (add_net "Net-(J2-Pad10)")
    (add_net "Net-(J2-Pad14)")
    (add_net "Net-(J2-Pad15)")
    (add_net "Net-(J2-Pad3)")
    (add_net "Net-(J2-Pad6)")
    (add_net "Net-(J2-Pad7)")
    (add_net "Net-(J2-Pad8)")
    (add_net "Net-(J2-Pad9)")
    (add_net "Net-(J3-Pad1)")
    (add_net "Net-(J3-Pad10)")
    (add_net "Net-(J3-Pad12)")
    (add_net "Net-(J3-Pad14)")
    (add_net "Net-(J3-Pad15)")
    (add_net "Net-(J3-Pad16)")
    (add_net "Net-(J3-Pad2)")
    (add_net "Net-(J3-Pad3)")
    (add_net "Net-(J3-Pad4)")
    (add_net "Net-(J3-Pad5)")
    (add_net "Net-(J3-Pad6)")
    (add_net "Net-(J3-Pad8)")
    (add_net "Net-(J3-Pad9)")
    (add_net "Net-(R1-Pad2)")
    (add_net "Net-(R2-Pad1)")
    (add_net "Net-(R4-Pad1)")
    (add_net "Net-(U3-Pad1)")
    (add_net "Net-(U4-Pad14)")
    (add_net "Net-(U4-Pad22)")
    (add_net "Net-(U4-Pad27)")
    (add_net SCLK)
    (add_net SYNC)
  )

  (net_class power ""
    (clearance 0.1778)
    (trace_width 0.254)
    (via_dia 0.762)
    (via_drill 0.381)
    (uvia_dia 0.3)
    (uvia_drill 0.1)
    (add_net +3V3)
    (add_net +5V)
    (add_net GND)
  )

  (module Package_SO:SOIC-14_3.9x8.7mm_P1.27mm (layer F.Cu) (tedit 5D9F72B1) (tstamp 629D72F0)
    (at 112.268 77.978 270)
    (descr "SOIC, 14 Pin (JEDEC MS-012AB, https://www.analog.com/media/en/package-pcb-resources/package/pkg_pdf/soic_narrow-r/r_14.pdf), generated with kicad-footprint-generator ipc_gullwing_generator.py")
    (tags "SOIC SO")
    (path /6171AD19)
    (attr smd)
    (fp_text reference U3 (at 0 -5.588 180) (layer F.SilkS)
      (effects (font (size 1 1) (thickness 0.15)))
    )
    (fp_text value LMV604MA_NOPB (at 0 5.28 90) (layer F.Fab)
      (effects (font (size 1 1) (thickness 0.15)))
    )
    (fp_line (start 3.7 -4.58) (end -3.7 -4.58) (layer F.CrtYd) (width 0.05))
    (fp_line (start 3.7 4.58) (end 3.7 -4.58) (layer F.CrtYd) (width 0.05))
    (fp_line (start -3.7 4.58) (end 3.7 4.58) (layer F.CrtYd) (width 0.05))
    (fp_line (start -3.7 -4.58) (end -3.7 4.58) (layer F.CrtYd) (width 0.05))
    (fp_line (start -1.95 -3.35) (end -0.975 -4.325) (layer F.Fab) (width 0.1))
    (fp_line (start -1.95 4.325) (end -1.95 -3.35) (layer F.Fab) (width 0.1))
    (fp_line (start 1.95 4.325) (end -1.95 4.325) (layer F.Fab) (width 0.1))
    (fp_line (start 1.95 -4.325) (end 1.95 4.325) (layer F.Fab) (width 0.1))
    (fp_line (start -0.975 -4.325) (end 1.95 -4.325) (layer F.Fab) (width 0.1))
    (fp_line (start 0 -4.435) (end -3.45 -4.435) (layer F.SilkS) (width 0.12))
    (fp_line (start 0 -4.435) (end 1.95 -4.435) (layer F.SilkS) (width 0.12))
    (fp_line (start 0 4.435) (end -1.95 4.435) (layer F.SilkS) (width 0.12))
    (fp_line (start 0 4.435) (end 1.95 4.435) (layer F.SilkS) (width 0.12))
    (fp_text user %R (at 0 0 90) (layer F.Fab)
      (effects (font (size 0.98 0.98) (thickness 0.15)))
    )
    (pad 1 smd roundrect (at -2.475 -3.81 270) (size 1.95 0.6) (layers F.Cu F.Paste F.Mask) (roundrect_rratio 0.25)
      (net 69 "Net-(U3-Pad1)"))
    (pad 2 smd roundrect (at -2.475 -2.54 270) (size 1.95 0.6) (layers F.Cu F.Paste F.Mask) (roundrect_rratio 0.25)
      (net 69 "Net-(U3-Pad1)"))
    (pad 3 smd roundrect (at -2.475 -1.27 270) (size 1.95 0.6) (layers F.Cu F.Paste F.Mask) (roundrect_rratio 0.25)
      (net 26 /2.5V_ref))
    (pad 4 smd roundrect (at -2.475 0 270) (size 1.95 0.6) (layers F.Cu F.Paste F.Mask) (roundrect_rratio 0.25)
      (net 2 +5V))
    (pad 5 smd roundrect (at -2.475 1.27 270) (size 1.95 0.6) (layers F.Cu F.Paste F.Mask) (roundrect_rratio 0.25)
      (net 26 /2.5V_ref))
    (pad 6 smd roundrect (at -2.475 2.54 270) (size 1.95 0.6) (layers F.Cu F.Paste F.Mask) (roundrect_rratio 0.25)
      (net 22 /2.5V_out))
    (pad 7 smd roundrect (at -2.475 3.81 270) (size 1.95 0.6) (layers F.Cu F.Paste F.Mask) (roundrect_rratio 0.25)
      (net 66 "Net-(R1-Pad2)"))
    (pad 8 smd roundrect (at 2.475 3.81 270) (size 1.95 0.6) (layers F.Cu F.Paste F.Mask) (roundrect_rratio 0.25)
      (net 67 "Net-(R2-Pad1)"))
    (pad 9 smd roundrect (at 2.475 2.54 270) (size 1.95 0.6) (layers F.Cu F.Paste F.Mask) (roundrect_rratio 0.25)
      (net 65 "Net-(C4-Pad1)"))
    (pad 10 smd roundrect (at 2.475 1.27 270) (size 1.95 0.6) (layers F.Cu F.Paste F.Mask) (roundrect_rratio 0.25)
      (net 26 /2.5V_ref))
    (pad 11 smd roundrect (at 2.475 0 270) (size 1.95 0.6) (layers F.Cu F.Paste F.Mask) (roundrect_rratio 0.25)
      (net 1 GND))
    (pad 12 smd roundrect (at 2.475 -1.27 270) (size 1.95 0.6) (layers F.Cu F.Paste F.Mask) (roundrect_rratio 0.25)
      (net 27 /VCM))
    (pad 13 smd roundrect (at 2.475 -2.54 270) (size 1.95 0.6) (layers F.Cu F.Paste F.Mask) (roundrect_rratio 0.25)
      (net 68 "Net-(R4-Pad1)"))
    (pad 14 smd roundrect (at 2.475 -3.81 270) (size 1.95 0.6) (layers F.Cu F.Paste F.Mask) (roundrect_rratio 0.25)
      (net 68 "Net-(R4-Pad1)"))
    (model ${KISYS3DMOD}/Package_SO.3dshapes/SOIC-14_3.9x8.7mm_P1.27mm.wrl
      (at (xyz 0 0 0))
      (scale (xyz 1 1 1))
      (rotate (xyz 0 0 0))
    )
  )

  (module Package_SO:SOIC-14_3.9x8.7mm_P1.27mm (layer F.Cu) (tedit 5D9F72B1) (tstamp 61660B19)
    (at 112.268 102.87 270)
    (descr "SOIC, 14 Pin (JEDEC MS-012AB, https://www.analog.com/media/en/package-pcb-resources/package/pkg_pdf/soic_narrow-r/r_14.pdf), generated with kicad-footprint-generator ipc_gullwing_generator.py")
    (tags "SOIC SO")
    (path /6167F6EE)
    (attr smd)
    (fp_text reference U2 (at 0 -5.588 180) (layer F.SilkS)
      (effects (font (size 1 1) (thickness 0.15)))
    )
    (fp_text value LMV604MA_NOPB (at 0 5.28 90) (layer F.Fab)
      (effects (font (size 1 1) (thickness 0.15)))
    )
    (fp_line (start 0 4.435) (end 1.95 4.435) (layer F.SilkS) (width 0.12))
    (fp_line (start 0 4.435) (end -1.95 4.435) (layer F.SilkS) (width 0.12))
    (fp_line (start 0 -4.435) (end 1.95 -4.435) (layer F.SilkS) (width 0.12))
    (fp_line (start 0 -4.435) (end -3.45 -4.435) (layer F.SilkS) (width 0.12))
    (fp_line (start -0.975 -4.325) (end 1.95 -4.325) (layer F.Fab) (width 0.1))
    (fp_line (start 1.95 -4.325) (end 1.95 4.325) (layer F.Fab) (width 0.1))
    (fp_line (start 1.95 4.325) (end -1.95 4.325) (layer F.Fab) (width 0.1))
    (fp_line (start -1.95 4.325) (end -1.95 -3.35) (layer F.Fab) (width 0.1))
    (fp_line (start -1.95 -3.35) (end -0.975 -4.325) (layer F.Fab) (width 0.1))
    (fp_line (start -3.7 -4.58) (end -3.7 4.58) (layer F.CrtYd) (width 0.05))
    (fp_line (start -3.7 4.58) (end 3.7 4.58) (layer F.CrtYd) (width 0.05))
    (fp_line (start 3.7 4.58) (end 3.7 -4.58) (layer F.CrtYd) (width 0.05))
    (fp_line (start 3.7 -4.58) (end -3.7 -4.58) (layer F.CrtYd) (width 0.05))
    (fp_text user %R (at 0 0 90) (layer F.Fab)
      (effects (font (size 0.98 0.98) (thickness 0.15)))
    )
    (pad 14 smd roundrect (at 2.475 -3.81 270) (size 1.95 0.6) (layers F.Cu F.Paste F.Mask) (roundrect_rratio 0.25)
      (net 16 /IN6_FILT))
    (pad 13 smd roundrect (at 2.475 -2.54 270) (size 1.95 0.6) (layers F.Cu F.Paste F.Mask) (roundrect_rratio 0.25)
      (net 16 /IN6_FILT))
    (pad 12 smd roundrect (at 2.475 -1.27 270) (size 1.95 0.6) (layers F.Cu F.Paste F.Mask) (roundrect_rratio 0.25)
      (net 33 /IN6))
    (pad 11 smd roundrect (at 2.475 0 270) (size 1.95 0.6) (layers F.Cu F.Paste F.Mask) (roundrect_rratio 0.25)
      (net 1 GND))
    (pad 10 smd roundrect (at 2.475 1.27 270) (size 1.95 0.6) (layers F.Cu F.Paste F.Mask) (roundrect_rratio 0.25)
      (net 32 /IN7))
    (pad 9 smd roundrect (at 2.475 2.54 270) (size 1.95 0.6) (layers F.Cu F.Paste F.Mask) (roundrect_rratio 0.25)
      (net 19 /IN7_FILT))
    (pad 8 smd roundrect (at 2.475 3.81 270) (size 1.95 0.6) (layers F.Cu F.Paste F.Mask) (roundrect_rratio 0.25)
      (net 19 /IN7_FILT))
    (pad 7 smd roundrect (at -2.475 3.81 270) (size 1.95 0.6) (layers F.Cu F.Paste F.Mask) (roundrect_rratio 0.25)
      (net 12 /IN4_FILT))
    (pad 6 smd roundrect (at -2.475 2.54 270) (size 1.95 0.6) (layers F.Cu F.Paste F.Mask) (roundrect_rratio 0.25)
      (net 12 /IN4_FILT))
    (pad 5 smd roundrect (at -2.475 1.27 270) (size 1.95 0.6) (layers F.Cu F.Paste F.Mask) (roundrect_rratio 0.25)
      (net 35 /IN4))
    (pad 4 smd roundrect (at -2.475 0 270) (size 1.95 0.6) (layers F.Cu F.Paste F.Mask) (roundrect_rratio 0.25)
      (net 2 +5V))
    (pad 3 smd roundrect (at -2.475 -1.27 270) (size 1.95 0.6) (layers F.Cu F.Paste F.Mask) (roundrect_rratio 0.25)
      (net 34 /IN5))
    (pad 2 smd roundrect (at -2.475 -2.54 270) (size 1.95 0.6) (layers F.Cu F.Paste F.Mask) (roundrect_rratio 0.25)
      (net 15 /IN5_FILT))
    (pad 1 smd roundrect (at -2.475 -3.81 270) (size 1.95 0.6) (layers F.Cu F.Paste F.Mask) (roundrect_rratio 0.25)
      (net 15 /IN5_FILT))
    (model ${KISYS3DMOD}/Package_SO.3dshapes/SOIC-14_3.9x8.7mm_P1.27mm.wrl
      (at (xyz 0 0 0))
      (scale (xyz 1 1 1))
      (rotate (xyz 0 0 0))
    )
  )

  (module Capacitor_SMD:C_0603_1608Metric_Pad1.08x0.95mm_HandSolder (layer F.Cu) (tedit 5F68FEEF) (tstamp 629ADE69)
    (at 113.1305 98.298)
    (descr "Capacitor SMD 0603 (1608 Metric), square (rectangular) end terminal, IPC_7351 nominal with elongated pad for handsoldering. (Body size source: IPC-SM-782 page 76, https://www.pcb-3d.com/wordpress/wp-content/uploads/ipc-sm-782a_amendment_1_and_2.pdf), generated with kicad-footprint-generator")
    (tags "capacitor handsolder")
    (path /6171C8F4)
    (attr smd)
    (fp_text reference C1 (at 2.6935 0) (layer F.SilkS)
      (effects (font (size 1 1) (thickness 0.15)))
    )
    (fp_text value 1uF (at 0 1.43) (layer F.Fab)
      (effects (font (size 1 1) (thickness 0.15)))
    )
    (fp_line (start -0.8 0.4) (end -0.8 -0.4) (layer F.Fab) (width 0.1))
    (fp_line (start -0.8 -0.4) (end 0.8 -0.4) (layer F.Fab) (width 0.1))
    (fp_line (start 0.8 -0.4) (end 0.8 0.4) (layer F.Fab) (width 0.1))
    (fp_line (start 0.8 0.4) (end -0.8 0.4) (layer F.Fab) (width 0.1))
    (fp_line (start -0.146267 -0.51) (end 0.146267 -0.51) (layer F.SilkS) (width 0.12))
    (fp_line (start -0.146267 0.51) (end 0.146267 0.51) (layer F.SilkS) (width 0.12))
    (fp_line (start -1.65 0.73) (end -1.65 -0.73) (layer F.CrtYd) (width 0.05))
    (fp_line (start -1.65 -0.73) (end 1.65 -0.73) (layer F.CrtYd) (width 0.05))
    (fp_line (start 1.65 -0.73) (end 1.65 0.73) (layer F.CrtYd) (width 0.05))
    (fp_line (start 1.65 0.73) (end -1.65 0.73) (layer F.CrtYd) (width 0.05))
    (fp_text user %R (at 0 0) (layer F.Fab)
      (effects (font (size 0.4 0.4) (thickness 0.06)))
    )
    (pad 2 smd roundrect (at 0.8625 0) (size 1.075 0.95) (layers F.Cu F.Paste F.Mask) (roundrect_rratio 0.25)
      (net 1 GND))
    (pad 1 smd roundrect (at -0.8625 0) (size 1.075 0.95) (layers F.Cu F.Paste F.Mask) (roundrect_rratio 0.25)
      (net 2 +5V))
    (model ${KISYS3DMOD}/Capacitor_SMD.3dshapes/C_0603_1608Metric.wrl
      (at (xyz 0 0 0))
      (scale (xyz 1 1 1))
      (rotate (xyz 0 0 0))
    )
  )

  (module Capacitor_SMD:C_0603_1608Metric_Pad1.08x0.95mm_HandSolder (layer F.Cu) (tedit 5F68FEEF) (tstamp 629D6E50)
    (at 113.1305 73.406)
    (descr "Capacitor SMD 0603 (1608 Metric), square (rectangular) end terminal, IPC_7351 nominal with elongated pad for handsoldering. (Body size source: IPC-SM-782 page 76, https://www.pcb-3d.com/wordpress/wp-content/uploads/ipc-sm-782a_amendment_1_and_2.pdf), generated with kicad-footprint-generator")
    (tags "capacitor handsolder")
    (path /61674D65)
    (attr smd)
    (fp_text reference C2 (at 2.6935 0) (layer F.SilkS)
      (effects (font (size 1 1) (thickness 0.15)))
    )
    (fp_text value 1uF (at 0 1.43) (layer F.Fab)
      (effects (font (size 1 1) (thickness 0.15)))
    )
    (fp_line (start -0.8 0.4) (end -0.8 -0.4) (layer F.Fab) (width 0.1))
    (fp_line (start -0.8 -0.4) (end 0.8 -0.4) (layer F.Fab) (width 0.1))
    (fp_line (start 0.8 -0.4) (end 0.8 0.4) (layer F.Fab) (width 0.1))
    (fp_line (start 0.8 0.4) (end -0.8 0.4) (layer F.Fab) (width 0.1))
    (fp_line (start -0.146267 -0.51) (end 0.146267 -0.51) (layer F.SilkS) (width 0.12))
    (fp_line (start -0.146267 0.51) (end 0.146267 0.51) (layer F.SilkS) (width 0.12))
    (fp_line (start -1.65 0.73) (end -1.65 -0.73) (layer F.CrtYd) (width 0.05))
    (fp_line (start -1.65 -0.73) (end 1.65 -0.73) (layer F.CrtYd) (width 0.05))
    (fp_line (start 1.65 -0.73) (end 1.65 0.73) (layer F.CrtYd) (width 0.05))
    (fp_line (start 1.65 0.73) (end -1.65 0.73) (layer F.CrtYd) (width 0.05))
    (fp_text user %R (at 0 0) (layer F.Fab)
      (effects (font (size 0.4 0.4) (thickness 0.06)))
    )
    (pad 2 smd roundrect (at 0.8625 0) (size 1.075 0.95) (layers F.Cu F.Paste F.Mask) (roundrect_rratio 0.25)
      (net 1 GND))
    (pad 1 smd roundrect (at -0.8625 0) (size 1.075 0.95) (layers F.Cu F.Paste F.Mask) (roundrect_rratio 0.25)
      (net 2 +5V))
    (model ${KISYS3DMOD}/Capacitor_SMD.3dshapes/C_0603_1608Metric.wrl
      (at (xyz 0 0 0))
      (scale (xyz 1 1 1))
      (rotate (xyz 0 0 0))
    )
  )

  (module Capacitor_SMD:C_0603_1608Metric_Pad1.08x0.95mm_HandSolder (layer F.Cu) (tedit 5F68FEEF) (tstamp 61658E16)
    (at 113.1305 88.138)
    (descr "Capacitor SMD 0603 (1608 Metric), square (rectangular) end terminal, IPC_7351 nominal with elongated pad for handsoldering. (Body size source: IPC-SM-782 page 76, https://www.pcb-3d.com/wordpress/wp-content/uploads/ipc-sm-782a_amendment_1_and_2.pdf), generated with kicad-footprint-generator")
    (tags "capacitor handsolder")
    (path /6167F700)
    (attr smd)
    (fp_text reference C3 (at 2.6935 0) (layer F.SilkS)
      (effects (font (size 1 1) (thickness 0.15)))
    )
    (fp_text value 1uF (at 0 1.43) (layer F.Fab)
      (effects (font (size 1 1) (thickness 0.15)))
    )
    (fp_line (start -0.8 0.4) (end -0.8 -0.4) (layer F.Fab) (width 0.1))
    (fp_line (start -0.8 -0.4) (end 0.8 -0.4) (layer F.Fab) (width 0.1))
    (fp_line (start 0.8 -0.4) (end 0.8 0.4) (layer F.Fab) (width 0.1))
    (fp_line (start 0.8 0.4) (end -0.8 0.4) (layer F.Fab) (width 0.1))
    (fp_line (start -0.146267 -0.51) (end 0.146267 -0.51) (layer F.SilkS) (width 0.12))
    (fp_line (start -0.146267 0.51) (end 0.146267 0.51) (layer F.SilkS) (width 0.12))
    (fp_line (start -1.65 0.73) (end -1.65 -0.73) (layer F.CrtYd) (width 0.05))
    (fp_line (start -1.65 -0.73) (end 1.65 -0.73) (layer F.CrtYd) (width 0.05))
    (fp_line (start 1.65 -0.73) (end 1.65 0.73) (layer F.CrtYd) (width 0.05))
    (fp_line (start 1.65 0.73) (end -1.65 0.73) (layer F.CrtYd) (width 0.05))
    (fp_text user %R (at 0 0) (layer F.Fab)
      (effects (font (size 0.4 0.4) (thickness 0.06)))
    )
    (pad 2 smd roundrect (at 0.8625 0) (size 1.075 0.95) (layers F.Cu F.Paste F.Mask) (roundrect_rratio 0.25)
      (net 1 GND))
    (pad 1 smd roundrect (at -0.8625 0) (size 1.075 0.95) (layers F.Cu F.Paste F.Mask) (roundrect_rratio 0.25)
      (net 2 +5V))
    (model ${KISYS3DMOD}/Capacitor_SMD.3dshapes/C_0603_1608Metric.wrl
      (at (xyz 0 0 0))
      (scale (xyz 1 1 1))
      (rotate (xyz 0 0 0))
    )
  )

  (module Capacitor_SMD:C_0603_1608Metric_Pad1.08x0.95mm_HandSolder (layer F.Cu) (tedit 5F68FEEF) (tstamp 6165A8C8)
    (at 115.1625 83.82 180)
    (descr "Capacitor SMD 0603 (1608 Metric), square (rectangular) end terminal, IPC_7351 nominal with elongated pad for handsoldering. (Body size source: IPC-SM-782 page 76, https://www.pcb-3d.com/wordpress/wp-content/uploads/ipc-sm-782a_amendment_1_and_2.pdf), generated with kicad-footprint-generator")
    (tags "capacitor handsolder")
    (path /61720585)
    (attr smd)
    (fp_text reference C4 (at -2.6935 0) (layer F.SilkS)
      (effects (font (size 1 1) (thickness 0.15)))
    )
    (fp_text value 10nF (at 0 1.43) (layer F.Fab)
      (effects (font (size 1 1) (thickness 0.15)))
    )
    (fp_line (start 1.65 0.73) (end -1.65 0.73) (layer F.CrtYd) (width 0.05))
    (fp_line (start 1.65 -0.73) (end 1.65 0.73) (layer F.CrtYd) (width 0.05))
    (fp_line (start -1.65 -0.73) (end 1.65 -0.73) (layer F.CrtYd) (width 0.05))
    (fp_line (start -1.65 0.73) (end -1.65 -0.73) (layer F.CrtYd) (width 0.05))
    (fp_line (start -0.146267 0.51) (end 0.146267 0.51) (layer F.SilkS) (width 0.12))
    (fp_line (start -0.146267 -0.51) (end 0.146267 -0.51) (layer F.SilkS) (width 0.12))
    (fp_line (start 0.8 0.4) (end -0.8 0.4) (layer F.Fab) (width 0.1))
    (fp_line (start 0.8 -0.4) (end 0.8 0.4) (layer F.Fab) (width 0.1))
    (fp_line (start -0.8 -0.4) (end 0.8 -0.4) (layer F.Fab) (width 0.1))
    (fp_line (start -0.8 0.4) (end -0.8 -0.4) (layer F.Fab) (width 0.1))
    (fp_text user %R (at 0 0) (layer F.Fab)
      (effects (font (size 0.4 0.4) (thickness 0.06)))
    )
    (pad 1 smd roundrect (at -0.8625 0 180) (size 1.075 0.95) (layers F.Cu F.Paste F.Mask) (roundrect_rratio 0.25)
      (net 65 "Net-(C4-Pad1)"))
    (pad 2 smd roundrect (at 0.8625 0 180) (size 1.075 0.95) (layers F.Cu F.Paste F.Mask) (roundrect_rratio 0.25)
      (net 3 /DRL))
    (model ${KISYS3DMOD}/Capacitor_SMD.3dshapes/C_0603_1608Metric.wrl
      (at (xyz 0 0 0))
      (scale (xyz 1 1 1))
      (rotate (xyz 0 0 0))
    )
  )

  (module Capacitor_SMD:C_0603_1608Metric_Pad1.08x0.95mm_HandSolder (layer F.Cu) (tedit 5F68FEEF) (tstamp 61658E38)
    (at 130.4025 88.9 180)
    (descr "Capacitor SMD 0603 (1608 Metric), square (rectangular) end terminal, IPC_7351 nominal with elongated pad for handsoldering. (Body size source: IPC-SM-782 page 76, https://www.pcb-3d.com/wordpress/wp-content/uploads/ipc-sm-782a_amendment_1_and_2.pdf), generated with kicad-footprint-generator")
    (tags "capacitor handsolder")
    (path /6168E3FB)
    (attr smd)
    (fp_text reference C5 (at -2.6935 0) (layer F.SilkS)
      (effects (font (size 1 1) (thickness 0.15)))
    )
    (fp_text value 10uF (at 0 1.43) (layer F.Fab)
      (effects (font (size 1 1) (thickness 0.15)))
    )
    (fp_line (start 1.65 0.73) (end -1.65 0.73) (layer F.CrtYd) (width 0.05))
    (fp_line (start 1.65 -0.73) (end 1.65 0.73) (layer F.CrtYd) (width 0.05))
    (fp_line (start -1.65 -0.73) (end 1.65 -0.73) (layer F.CrtYd) (width 0.05))
    (fp_line (start -1.65 0.73) (end -1.65 -0.73) (layer F.CrtYd) (width 0.05))
    (fp_line (start -0.146267 0.51) (end 0.146267 0.51) (layer F.SilkS) (width 0.12))
    (fp_line (start -0.146267 -0.51) (end 0.146267 -0.51) (layer F.SilkS) (width 0.12))
    (fp_line (start 0.8 0.4) (end -0.8 0.4) (layer F.Fab) (width 0.1))
    (fp_line (start 0.8 -0.4) (end 0.8 0.4) (layer F.Fab) (width 0.1))
    (fp_line (start -0.8 -0.4) (end 0.8 -0.4) (layer F.Fab) (width 0.1))
    (fp_line (start -0.8 0.4) (end -0.8 -0.4) (layer F.Fab) (width 0.1))
    (fp_text user %R (at 0 0) (layer F.Fab)
      (effects (font (size 0.4 0.4) (thickness 0.06)))
    )
    (pad 1 smd roundrect (at -0.8625 0 180) (size 1.075 0.95) (layers F.Cu F.Paste F.Mask) (roundrect_rratio 0.25)
      (net 4 /IN0_ADC))
    (pad 2 smd roundrect (at 0.8625 0 180) (size 1.075 0.95) (layers F.Cu F.Paste F.Mask) (roundrect_rratio 0.25)
      (net 5 /IN0_FILT))
    (model ${KISYS3DMOD}/Capacitor_SMD.3dshapes/C_0603_1608Metric.wrl
      (at (xyz 0 0 0))
      (scale (xyz 1 1 1))
      (rotate (xyz 0 0 0))
    )
  )

  (module Capacitor_SMD:C_0603_1608Metric_Pad1.08x0.95mm_HandSolder (layer F.Cu) (tedit 5F68FEEF) (tstamp 61658E49)
    (at 130.4025 91.44 180)
    (descr "Capacitor SMD 0603 (1608 Metric), square (rectangular) end terminal, IPC_7351 nominal with elongated pad for handsoldering. (Body size source: IPC-SM-782 page 76, https://www.pcb-3d.com/wordpress/wp-content/uploads/ipc-sm-782a_amendment_1_and_2.pdf), generated with kicad-footprint-generator")
    (tags "capacitor handsolder")
    (path /616ADCE7)
    (attr smd)
    (fp_text reference C6 (at -2.6935 0) (layer F.SilkS)
      (effects (font (size 1 1) (thickness 0.15)))
    )
    (fp_text value 10uF (at 0 1.43) (layer F.Fab)
      (effects (font (size 1 1) (thickness 0.15)))
    )
    (fp_line (start 1.65 0.73) (end -1.65 0.73) (layer F.CrtYd) (width 0.05))
    (fp_line (start 1.65 -0.73) (end 1.65 0.73) (layer F.CrtYd) (width 0.05))
    (fp_line (start -1.65 -0.73) (end 1.65 -0.73) (layer F.CrtYd) (width 0.05))
    (fp_line (start -1.65 0.73) (end -1.65 -0.73) (layer F.CrtYd) (width 0.05))
    (fp_line (start -0.146267 0.51) (end 0.146267 0.51) (layer F.SilkS) (width 0.12))
    (fp_line (start -0.146267 -0.51) (end 0.146267 -0.51) (layer F.SilkS) (width 0.12))
    (fp_line (start 0.8 0.4) (end -0.8 0.4) (layer F.Fab) (width 0.1))
    (fp_line (start 0.8 -0.4) (end 0.8 0.4) (layer F.Fab) (width 0.1))
    (fp_line (start -0.8 -0.4) (end 0.8 -0.4) (layer F.Fab) (width 0.1))
    (fp_line (start -0.8 0.4) (end -0.8 -0.4) (layer F.Fab) (width 0.1))
    (fp_text user %R (at 0 0) (layer F.Fab)
      (effects (font (size 0.4 0.4) (thickness 0.06)))
    )
    (pad 1 smd roundrect (at -0.8625 0 180) (size 1.075 0.95) (layers F.Cu F.Paste F.Mask) (roundrect_rratio 0.25)
      (net 6 /IN1_ADC))
    (pad 2 smd roundrect (at 0.8625 0 180) (size 1.075 0.95) (layers F.Cu F.Paste F.Mask) (roundrect_rratio 0.25)
      (net 7 /IN1_FILT))
    (model ${KISYS3DMOD}/Capacitor_SMD.3dshapes/C_0603_1608Metric.wrl
      (at (xyz 0 0 0))
      (scale (xyz 1 1 1))
      (rotate (xyz 0 0 0))
    )
  )

  (module Capacitor_SMD:C_0603_1608Metric_Pad1.08x0.95mm_HandSolder (layer F.Cu) (tedit 5F68FEEF) (tstamp 61658E5A)
    (at 130.4025 93.98 180)
    (descr "Capacitor SMD 0603 (1608 Metric), square (rectangular) end terminal, IPC_7351 nominal with elongated pad for handsoldering. (Body size source: IPC-SM-782 page 76, https://www.pcb-3d.com/wordpress/wp-content/uploads/ipc-sm-782a_amendment_1_and_2.pdf), generated with kicad-footprint-generator")
    (tags "capacitor handsolder")
    (path /616C0A10)
    (attr smd)
    (fp_text reference C7 (at -2.6935 0) (layer F.SilkS)
      (effects (font (size 1 1) (thickness 0.15)))
    )
    (fp_text value 10uF (at 0 1.43) (layer F.Fab)
      (effects (font (size 1 1) (thickness 0.15)))
    )
    (fp_line (start 1.65 0.73) (end -1.65 0.73) (layer F.CrtYd) (width 0.05))
    (fp_line (start 1.65 -0.73) (end 1.65 0.73) (layer F.CrtYd) (width 0.05))
    (fp_line (start -1.65 -0.73) (end 1.65 -0.73) (layer F.CrtYd) (width 0.05))
    (fp_line (start -1.65 0.73) (end -1.65 -0.73) (layer F.CrtYd) (width 0.05))
    (fp_line (start -0.146267 0.51) (end 0.146267 0.51) (layer F.SilkS) (width 0.12))
    (fp_line (start -0.146267 -0.51) (end 0.146267 -0.51) (layer F.SilkS) (width 0.12))
    (fp_line (start 0.8 0.4) (end -0.8 0.4) (layer F.Fab) (width 0.1))
    (fp_line (start 0.8 -0.4) (end 0.8 0.4) (layer F.Fab) (width 0.1))
    (fp_line (start -0.8 -0.4) (end 0.8 -0.4) (layer F.Fab) (width 0.1))
    (fp_line (start -0.8 0.4) (end -0.8 -0.4) (layer F.Fab) (width 0.1))
    (fp_text user %R (at 0 0) (layer F.Fab)
      (effects (font (size 0.4 0.4) (thickness 0.06)))
    )
    (pad 1 smd roundrect (at -0.8625 0 180) (size 1.075 0.95) (layers F.Cu F.Paste F.Mask) (roundrect_rratio 0.25)
      (net 8 /IN2_ADC))
    (pad 2 smd roundrect (at 0.8625 0 180) (size 1.075 0.95) (layers F.Cu F.Paste F.Mask) (roundrect_rratio 0.25)
      (net 9 /IN2_FILT))
    (model ${KISYS3DMOD}/Capacitor_SMD.3dshapes/C_0603_1608Metric.wrl
      (at (xyz 0 0 0))
      (scale (xyz 1 1 1))
      (rotate (xyz 0 0 0))
    )
  )

  (module Capacitor_SMD:C_0603_1608Metric_Pad1.08x0.95mm_HandSolder (layer F.Cu) (tedit 5F68FEEF) (tstamp 61658E6B)
    (at 130.4025 96.52 180)
    (descr "Capacitor SMD 0603 (1608 Metric), square (rectangular) end terminal, IPC_7351 nominal with elongated pad for handsoldering. (Body size source: IPC-SM-782 page 76, https://www.pcb-3d.com/wordpress/wp-content/uploads/ipc-sm-782a_amendment_1_and_2.pdf), generated with kicad-footprint-generator")
    (tags "capacitor handsolder")
    (path /616C2172)
    (attr smd)
    (fp_text reference C8 (at -2.6935 0) (layer F.SilkS)
      (effects (font (size 1 1) (thickness 0.15)))
    )
    (fp_text value 10uF (at 0 1.43) (layer F.Fab)
      (effects (font (size 1 1) (thickness 0.15)))
    )
    (fp_line (start -0.8 0.4) (end -0.8 -0.4) (layer F.Fab) (width 0.1))
    (fp_line (start -0.8 -0.4) (end 0.8 -0.4) (layer F.Fab) (width 0.1))
    (fp_line (start 0.8 -0.4) (end 0.8 0.4) (layer F.Fab) (width 0.1))
    (fp_line (start 0.8 0.4) (end -0.8 0.4) (layer F.Fab) (width 0.1))
    (fp_line (start -0.146267 -0.51) (end 0.146267 -0.51) (layer F.SilkS) (width 0.12))
    (fp_line (start -0.146267 0.51) (end 0.146267 0.51) (layer F.SilkS) (width 0.12))
    (fp_line (start -1.65 0.73) (end -1.65 -0.73) (layer F.CrtYd) (width 0.05))
    (fp_line (start -1.65 -0.73) (end 1.65 -0.73) (layer F.CrtYd) (width 0.05))
    (fp_line (start 1.65 -0.73) (end 1.65 0.73) (layer F.CrtYd) (width 0.05))
    (fp_line (start 1.65 0.73) (end -1.65 0.73) (layer F.CrtYd) (width 0.05))
    (fp_text user %R (at 0 0) (layer F.Fab)
      (effects (font (size 0.4 0.4) (thickness 0.06)))
    )
    (pad 2 smd roundrect (at 0.8625 0 180) (size 1.075 0.95) (layers F.Cu F.Paste F.Mask) (roundrect_rratio 0.25)
      (net 10 /IN3_FILT))
    (pad 1 smd roundrect (at -0.8625 0 180) (size 1.075 0.95) (layers F.Cu F.Paste F.Mask) (roundrect_rratio 0.25)
      (net 11 /IN3_ADC))
    (model ${KISYS3DMOD}/Capacitor_SMD.3dshapes/C_0603_1608Metric.wrl
      (at (xyz 0 0 0))
      (scale (xyz 1 1 1))
      (rotate (xyz 0 0 0))
    )
  )

  (module Capacitor_SMD:C_0603_1608Metric_Pad1.08x0.95mm_HandSolder (layer F.Cu) (tedit 5F68FEEF) (tstamp 61658E7C)
    (at 130.4025 99.06 180)
    (descr "Capacitor SMD 0603 (1608 Metric), square (rectangular) end terminal, IPC_7351 nominal with elongated pad for handsoldering. (Body size source: IPC-SM-782 page 76, https://www.pcb-3d.com/wordpress/wp-content/uploads/ipc-sm-782a_amendment_1_and_2.pdf), generated with kicad-footprint-generator")
    (tags "capacitor handsolder")
    (path /616C333B)
    (attr smd)
    (fp_text reference C9 (at -2.6935 0) (layer F.SilkS)
      (effects (font (size 1 1) (thickness 0.15)))
    )
    (fp_text value 10uF (at 0 1.43) (layer F.Fab)
      (effects (font (size 1 1) (thickness 0.15)))
    )
    (fp_line (start -0.8 0.4) (end -0.8 -0.4) (layer F.Fab) (width 0.1))
    (fp_line (start -0.8 -0.4) (end 0.8 -0.4) (layer F.Fab) (width 0.1))
    (fp_line (start 0.8 -0.4) (end 0.8 0.4) (layer F.Fab) (width 0.1))
    (fp_line (start 0.8 0.4) (end -0.8 0.4) (layer F.Fab) (width 0.1))
    (fp_line (start -0.146267 -0.51) (end 0.146267 -0.51) (layer F.SilkS) (width 0.12))
    (fp_line (start -0.146267 0.51) (end 0.146267 0.51) (layer F.SilkS) (width 0.12))
    (fp_line (start -1.65 0.73) (end -1.65 -0.73) (layer F.CrtYd) (width 0.05))
    (fp_line (start -1.65 -0.73) (end 1.65 -0.73) (layer F.CrtYd) (width 0.05))
    (fp_line (start 1.65 -0.73) (end 1.65 0.73) (layer F.CrtYd) (width 0.05))
    (fp_line (start 1.65 0.73) (end -1.65 0.73) (layer F.CrtYd) (width 0.05))
    (fp_text user %R (at 0 0) (layer F.Fab)
      (effects (font (size 0.4 0.4) (thickness 0.06)))
    )
    (pad 2 smd roundrect (at 0.8625 0 180) (size 1.075 0.95) (layers F.Cu F.Paste F.Mask) (roundrect_rratio 0.25)
      (net 12 /IN4_FILT))
    (pad 1 smd roundrect (at -0.8625 0 180) (size 1.075 0.95) (layers F.Cu F.Paste F.Mask) (roundrect_rratio 0.25)
      (net 13 /IN4_ADC))
    (model ${KISYS3DMOD}/Capacitor_SMD.3dshapes/C_0603_1608Metric.wrl
      (at (xyz 0 0 0))
      (scale (xyz 1 1 1))
      (rotate (xyz 0 0 0))
    )
  )

  (module Capacitor_SMD:C_0603_1608Metric_Pad1.08x0.95mm_HandSolder (layer F.Cu) (tedit 5F68FEEF) (tstamp 61658E8D)
    (at 130.4025 101.6 180)
    (descr "Capacitor SMD 0603 (1608 Metric), square (rectangular) end terminal, IPC_7351 nominal with elongated pad for handsoldering. (Body size source: IPC-SM-782 page 76, https://www.pcb-3d.com/wordpress/wp-content/uploads/ipc-sm-782a_amendment_1_and_2.pdf), generated with kicad-footprint-generator")
    (tags "capacitor handsolder")
    (path /616C43D4)
    (attr smd)
    (fp_text reference C10 (at -3.2015 0) (layer F.SilkS)
      (effects (font (size 1 1) (thickness 0.15)))
    )
    (fp_text value 10uF (at 0 1.43) (layer F.Fab)
      (effects (font (size 1 1) (thickness 0.15)))
    )
    (fp_line (start 1.65 0.73) (end -1.65 0.73) (layer F.CrtYd) (width 0.05))
    (fp_line (start 1.65 -0.73) (end 1.65 0.73) (layer F.CrtYd) (width 0.05))
    (fp_line (start -1.65 -0.73) (end 1.65 -0.73) (layer F.CrtYd) (width 0.05))
    (fp_line (start -1.65 0.73) (end -1.65 -0.73) (layer F.CrtYd) (width 0.05))
    (fp_line (start -0.146267 0.51) (end 0.146267 0.51) (layer F.SilkS) (width 0.12))
    (fp_line (start -0.146267 -0.51) (end 0.146267 -0.51) (layer F.SilkS) (width 0.12))
    (fp_line (start 0.8 0.4) (end -0.8 0.4) (layer F.Fab) (width 0.1))
    (fp_line (start 0.8 -0.4) (end 0.8 0.4) (layer F.Fab) (width 0.1))
    (fp_line (start -0.8 -0.4) (end 0.8 -0.4) (layer F.Fab) (width 0.1))
    (fp_line (start -0.8 0.4) (end -0.8 -0.4) (layer F.Fab) (width 0.1))
    (fp_text user %R (at 0 0) (layer F.Fab)
      (effects (font (size 0.4 0.4) (thickness 0.06)))
    )
    (pad 1 smd roundrect (at -0.8625 0 180) (size 1.075 0.95) (layers F.Cu F.Paste F.Mask) (roundrect_rratio 0.25)
      (net 14 /IN5_ADC))
    (pad 2 smd roundrect (at 0.8625 0 180) (size 1.075 0.95) (layers F.Cu F.Paste F.Mask) (roundrect_rratio 0.25)
      (net 15 /IN5_FILT))
    (model ${KISYS3DMOD}/Capacitor_SMD.3dshapes/C_0603_1608Metric.wrl
      (at (xyz 0 0 0))
      (scale (xyz 1 1 1))
      (rotate (xyz 0 0 0))
    )
  )

  (module Capacitor_SMD:C_0603_1608Metric_Pad1.08x0.95mm_HandSolder (layer F.Cu) (tedit 5F68FEEF) (tstamp 629D4254)
    (at 130.4025 104.14 180)
    (descr "Capacitor SMD 0603 (1608 Metric), square (rectangular) end terminal, IPC_7351 nominal with elongated pad for handsoldering. (Body size source: IPC-SM-782 page 76, https://www.pcb-3d.com/wordpress/wp-content/uploads/ipc-sm-782a_amendment_1_and_2.pdf), generated with kicad-footprint-generator")
    (tags "capacitor handsolder")
    (path /616C52E4)
    (attr smd)
    (fp_text reference C11 (at -3.2015 0) (layer F.SilkS)
      (effects (font (size 1 1) (thickness 0.15)))
    )
    (fp_text value 10uF (at 0 1.43) (layer F.Fab)
      (effects (font (size 1 1) (thickness 0.15)))
    )
    (fp_line (start -0.8 0.4) (end -0.8 -0.4) (layer F.Fab) (width 0.1))
    (fp_line (start -0.8 -0.4) (end 0.8 -0.4) (layer F.Fab) (width 0.1))
    (fp_line (start 0.8 -0.4) (end 0.8 0.4) (layer F.Fab) (width 0.1))
    (fp_line (start 0.8 0.4) (end -0.8 0.4) (layer F.Fab) (width 0.1))
    (fp_line (start -0.146267 -0.51) (end 0.146267 -0.51) (layer F.SilkS) (width 0.12))
    (fp_line (start -0.146267 0.51) (end 0.146267 0.51) (layer F.SilkS) (width 0.12))
    (fp_line (start -1.65 0.73) (end -1.65 -0.73) (layer F.CrtYd) (width 0.05))
    (fp_line (start -1.65 -0.73) (end 1.65 -0.73) (layer F.CrtYd) (width 0.05))
    (fp_line (start 1.65 -0.73) (end 1.65 0.73) (layer F.CrtYd) (width 0.05))
    (fp_line (start 1.65 0.73) (end -1.65 0.73) (layer F.CrtYd) (width 0.05))
    (fp_text user %R (at 0 0) (layer F.Fab)
      (effects (font (size 0.4 0.4) (thickness 0.06)))
    )
    (pad 2 smd roundrect (at 0.8625 0 180) (size 1.075 0.95) (layers F.Cu F.Paste F.Mask) (roundrect_rratio 0.25)
      (net 16 /IN6_FILT))
    (pad 1 smd roundrect (at -0.8625 0 180) (size 1.075 0.95) (layers F.Cu F.Paste F.Mask) (roundrect_rratio 0.25)
      (net 17 /IN6_ADC))
    (model ${KISYS3DMOD}/Capacitor_SMD.3dshapes/C_0603_1608Metric.wrl
      (at (xyz 0 0 0))
      (scale (xyz 1 1 1))
      (rotate (xyz 0 0 0))
    )
  )

  (module Capacitor_SMD:C_0603_1608Metric_Pad1.08x0.95mm_HandSolder (layer F.Cu) (tedit 5F68FEEF) (tstamp 61658EAF)
    (at 130.4025 106.68 180)
    (descr "Capacitor SMD 0603 (1608 Metric), square (rectangular) end terminal, IPC_7351 nominal with elongated pad for handsoldering. (Body size source: IPC-SM-782 page 76, https://www.pcb-3d.com/wordpress/wp-content/uploads/ipc-sm-782a_amendment_1_and_2.pdf), generated with kicad-footprint-generator")
    (tags "capacitor handsolder")
    (path /616C6687)
    (attr smd)
    (fp_text reference C12 (at -3.2015 0) (layer F.SilkS)
      (effects (font (size 1 1) (thickness 0.15)))
    )
    (fp_text value 10uF (at 0 1.43) (layer F.Fab)
      (effects (font (size 1 1) (thickness 0.15)))
    )
    (fp_line (start 1.65 0.73) (end -1.65 0.73) (layer F.CrtYd) (width 0.05))
    (fp_line (start 1.65 -0.73) (end 1.65 0.73) (layer F.CrtYd) (width 0.05))
    (fp_line (start -1.65 -0.73) (end 1.65 -0.73) (layer F.CrtYd) (width 0.05))
    (fp_line (start -1.65 0.73) (end -1.65 -0.73) (layer F.CrtYd) (width 0.05))
    (fp_line (start -0.146267 0.51) (end 0.146267 0.51) (layer F.SilkS) (width 0.12))
    (fp_line (start -0.146267 -0.51) (end 0.146267 -0.51) (layer F.SilkS) (width 0.12))
    (fp_line (start 0.8 0.4) (end -0.8 0.4) (layer F.Fab) (width 0.1))
    (fp_line (start 0.8 -0.4) (end 0.8 0.4) (layer F.Fab) (width 0.1))
    (fp_line (start -0.8 -0.4) (end 0.8 -0.4) (layer F.Fab) (width 0.1))
    (fp_line (start -0.8 0.4) (end -0.8 -0.4) (layer F.Fab) (width 0.1))
    (fp_text user %R (at 0 0) (layer F.Fab)
      (effects (font (size 0.4 0.4) (thickness 0.06)))
    )
    (pad 1 smd roundrect (at -0.8625 0 180) (size 1.075 0.95) (layers F.Cu F.Paste F.Mask) (roundrect_rratio 0.25)
      (net 18 /IN7_ADC))
    (pad 2 smd roundrect (at 0.8625 0 180) (size 1.075 0.95) (layers F.Cu F.Paste F.Mask) (roundrect_rratio 0.25)
      (net 19 /IN7_FILT))
    (model ${KISYS3DMOD}/Capacitor_SMD.3dshapes/C_0603_1608Metric.wrl
      (at (xyz 0 0 0))
      (scale (xyz 1 1 1))
      (rotate (xyz 0 0 0))
    )
  )

  (module Capacitor_SMD:C_0603_1608Metric_Pad1.08x0.95mm_HandSolder (layer F.Cu) (tedit 5F68FEEF) (tstamp 629E65C1)
    (at 150.7225 92.456)
    (descr "Capacitor SMD 0603 (1608 Metric), square (rectangular) end terminal, IPC_7351 nominal with elongated pad for handsoldering. (Body size source: IPC-SM-782 page 76, https://www.pcb-3d.com/wordpress/wp-content/uploads/ipc-sm-782a_amendment_1_and_2.pdf), generated with kicad-footprint-generator")
    (tags "capacitor handsolder")
    (path /61653E72)
    (attr smd)
    (fp_text reference C13 (at 3.2015 0) (layer F.SilkS)
      (effects (font (size 1 1) (thickness 0.15)))
    )
    (fp_text value 1uF (at 0 1.43) (layer F.Fab)
      (effects (font (size 1 1) (thickness 0.15)))
    )
    (fp_line (start 1.65 0.73) (end -1.65 0.73) (layer F.CrtYd) (width 0.05))
    (fp_line (start 1.65 -0.73) (end 1.65 0.73) (layer F.CrtYd) (width 0.05))
    (fp_line (start -1.65 -0.73) (end 1.65 -0.73) (layer F.CrtYd) (width 0.05))
    (fp_line (start -1.65 0.73) (end -1.65 -0.73) (layer F.CrtYd) (width 0.05))
    (fp_line (start -0.146267 0.51) (end 0.146267 0.51) (layer F.SilkS) (width 0.12))
    (fp_line (start -0.146267 -0.51) (end 0.146267 -0.51) (layer F.SilkS) (width 0.12))
    (fp_line (start 0.8 0.4) (end -0.8 0.4) (layer F.Fab) (width 0.1))
    (fp_line (start 0.8 -0.4) (end 0.8 0.4) (layer F.Fab) (width 0.1))
    (fp_line (start -0.8 -0.4) (end 0.8 -0.4) (layer F.Fab) (width 0.1))
    (fp_line (start -0.8 0.4) (end -0.8 -0.4) (layer F.Fab) (width 0.1))
    (fp_text user %R (at 0 0) (layer F.Fab)
      (effects (font (size 0.4 0.4) (thickness 0.06)))
    )
    (pad 1 smd roundrect (at -0.8625 0) (size 1.075 0.95) (layers F.Cu F.Paste F.Mask) (roundrect_rratio 0.25)
      (net 20 +3V3))
